1100 0001 0000 0000 0100 1000
1100 0010 0000 0000 0110 0101
1100 0011 0000 0000 0110 1100
1100 0100 0000 0000 0110 1100
1100 0101 0000 0000 0110 1111
1100 0110 0000 0000 0010 0000
1100 0111 0000 0000 0101 0111
1100 1000 0000 0000 0110 1111
1100 1001 0000 0000 0111 0010
1100 1010 0000 0000 0110 1100
1100 1011 0000 0000 0110 0100
1100 1100 0000 0000 0010 0001

1011 0001 0000 0000 0000 0000
1011 0010 0000 0000 0000 0000
1011 0011 0000 0000 0000 0000
1011 0100 0000 0000 0000 0000
1011 0101 0000 0000 0000 0000
1011 0110 0000 0000 0000 0000
1011 0111 0000 0000 0000 0000
1011 1000 0000 0000 0000 0000
1011 1001 0000 0000 0000 0000
1011 1010 0000 0000 0000 0000
1011 1011 0000 0000 0000 0000
1011 1100 0000 0000 0000 0000
